0.0 0.0
0.125 0.39583333333333326
0.125 0.47500000000000014
0.175 0.38749999999999996
0.17499999999999996 0.625
0.225 0.6000000000000001
0.22499999999999998 0.7031249999999999
0.27499999999999997 0.709375
0.2749999999999999 0.6000000000000001
0.3249999999999999 0.5500000000000004
0.32499999999999996 0.715625
0.37499999999999994 0.7218749999999999
0.37499999999999994 0.35416666666666663
0.42499999999999993 0.34583333333333327
0.42500000000000004 0.3999999999999999
0.47499999999999987 0.3999999999999999
0.47499999999999987 0.33749999999999997
0.5249999999999999 0.3291666666666666
0.5249999999999999 0.740625
0.4749999999999999 0.734375
0.47499999999999987 0.5
0.42500000000000004 0.5
0.42499999999999993 0.7281249999999999
0.575 0.746875
0.575 0.32083333333333325
0.625 0.31249999999999994
0.625 0.6374999999999993
0.675 0.4124999999999991
0.675 0.3041666666666666
0.32499999999999996 0.3625
0.3249999999999999 0.5
0.2749999999999999 0.5
0.27499999999999997 0.3708333333333333
0.22499999999999998 0.37916666666666665
0.22500000000000003 0.5
-0.3117851130197757 0.6764297739604482
-0.37071067811865466 0.7353553390593274
-0.33535533905932724 0.629289321881345
-0.5121320343559643 0.8060660171779822
-0.5999999999999998 0.7525126265847082
-0.38249579113843046 0.5350084177231388
-0.4242640687119286 0.5060660171779822
-0.5999999999999998 0.6818019484660534
-0.5999999999999998 0.6110912703473984
-0.518544972870135 0.5296362432175338
-0.6128258770283412 0.5532064692570853
-0.659619407771256 0.6000000000000001
-0.7071067811865477 0.5767766952966369
-0.8348349570550446 0.7045048711651339
-0.870190296114372 0.8105708883431161
-0.6999999999999996 0.6403805922287437
-0.6999999999999995 0.711091270347398
-0.8889087296526011 0.8999999999999999
-0.8181980515339464 0.8999999999999999
-0.6999999999999996 0.7818019484660532
-0.6474873734152914 0.7999999999999998
-0.7474873734152916 0.8999999999999999
-0.6535533905932739 0.876776695296637
-0.35892556509887885 0.5821488698022419
