0.2161624407128354 0.7020203050891044 0.19292893218813445 0.6787867965644034
0.23232488142567082 0.7040406101782087 0.18585786437626897 0.6575735931288071
0.24848732213850613 0.7060609152673132 0.17878679656440352 0.6363603896932106
0.26464976285134156 0.7080812203564176 0.17171572875253804 0.6151471862576142
0.2808122035641769 0.7101015254455221 0.16464466094067254 0.5939339828220177
0.2969746442770123 0.7121218305346265 0.15757359312880706 0.5727207793864213
0.31313708498984766 0.714142135623731 0.15050252531694158 0.5515075759508248
0.32929952570268306 0.7161624407128353 0.14343145750507613 0.5302943725152284
0.34546196641551846 0.7181827458019397 0.13636038969321063 0.509081169079632
0.36162440712835386 0.7202030508910442 0.12928932188134515 0.48786796564403556
0.37778684784118927 0.7222233559801485 0.12221825406947966 0.46665476220843916
0.39394928855402456 0.7242436610692531 0.11514718625761418 0.44544155877284264
0.41011172926685996 0.7262639661583574 0.10807611844574869 0.42422835533724623
0.42627416997969536 0.7282842712474619 0.10100505063388322 0.40301515190164977
0.4424366106925307 0.7303045763365662 0.11039888659082656 0.3982668522348622
0.45859905140536616 0.7323248814256708 0.12252071712545308 0.3962465471457578
0.4747614921182015 0.7343451865147752 0.1346425476600796 0.39422624205665335
0.4909239328310369 0.7363654916038795 0.14676437819470614 0.39220593696754896
0.5070863735438723 0.7383857966929841 0.1588862087293327 0.39018563187844446
0.5232488142567077 0.7404061017820884 0.17100803926395924 0.38816532678934007
0.5394112549695431 0.7424264068711929 0.18312986979858575 0.3861450217002356
0.5555736956823785 0.7444467119602972 0.1952517003332123 0.38412471661113123
0.5717361363952138 0.7464670170494018 0.2073735308678388 0.3821044115220268
0.5878985771080493 0.7484873221385061 0.21949536140246537 0.3800841064329224
0.6006460710169588 0.7470926804236848 0.23161719193709188 0.378063801343818
0.6032173684030917 0.7355218421860868 0.24373902247171844 0.37604349625471356
0.6057886657892246 0.7239510039484888 0.255860853006345 0.37402319116560917
0.6083599631753576 0.7123801657108907 0.2679826835409715 0.37200288607650467
0.6109312605614905 0.7008093274732926 0.28010451407559805 0.3699825809874002
0.6135025579476233 0.6892384892356945 0.29222634461022456 0.36796227589829583
0.6160738553337562 0.6776676509980964 0.3043481751448511 0.36594197080919144
0.6186451527198891 0.6660968127604985 0.31647000567947764 0.363921665720087
0.621216450106022 0.6545259745229004 0.32859183621410415 0.3619013606309826
0.6237877474921549 0.6429551362853023 0.34071366674873066 0.35988105554187816
0.6263590448782878 0.6313842980477042 0.3528354972833572 0.35786075045277377
0.6289303422644207 0.6198134598101063 0.3649573278179837 0.3558404453636693
0.6315016396505536 0.6082426215725082 0.37707915835261024 0.3538201402745649
0.6340729370366864 0.5966717833349102 0.38920098888723675 0.3517998351854605
0.6366442344228195 0.5851009450973121 0.4013228194218633 0.34977953009635604
0.6392155318089524 0.5735301068597141 0.4134446499564899 0.34775922500725165
0.6417868291950852 0.561959268622116 0.42556648049111634 0.3457389199181472
0.6443581265812182 0.5503884303845179 0.43768831102574285 0.34371861482904276
0.646929423967351 0.5388175921469198 0.4498101415603694 0.34169830973993837
0.6495007213534839 0.5272467539093219 0.461931972094996 0.339678004650834
0.6520720187396168 0.5156759156717238 0.4740538026296225 0.33765769956172953
0.6546433161257497 0.5041050774341257 0.48617563316424905 0.3356373944726251
0.6572146135118826 0.4925342391965277 0.4982974636988756 0.3336170893835207
0.6597859108980155 0.48096340095892964 0.5104192942335021 0.33159678429441625
0.6623572082841485 0.4693925627213316 0.5225411247681286 0.32957647920531186
0.6649285056702814 0.45782172448373354 0.5346629553027551 0.3275561741162074
0.6674998030564142 0.4462508862461354 0.5467847858373817 0.32553586902710296
0.6700711004425471 0.43468004800853743 0.5589066163720082 0.3235155639379986
0.6726423978286801 0.42310920977093935 0.5710284469066348 0.3214952588488941
0.6752136952148129 0.4115383715333413 0.5831502774412614 0.31947495375978974
0.6777849926009458 0.39996753329574325 0.5952721079758878 0.3174546486706853
0.6803562899870788 0.38839669505814517 0.6073939385105143 0.31543434358158084
0.6829275873732116 0.3768258568205471 0.6195157690451408 0.31341403849247645
0.6854988847593445 0.36525501858294906 0.6316375995797674 0.311393733403372
0.6880701821454774 0.353684180345351 0.643759430114394 0.30937342831426756
0.6906414795316104 0.3421133421077529 0.6558812606490205 0.30735312322516317
0.6932127769177432 0.33054250387015494 0.6680030911836471 0.3053328181360587
0.6957840743038761 0.31897166563255686 0.6801249217182735 0.30331251304695434
0.698355371690009 0.3074008273949588 0.6922467522529 0.3012922079578499
-0.3282842712474618 0.7141421356237309 -0.30471404520791023 0.6905719095841791
-0.3565685424949237 0.7282842712474619 -0.30942809041582053 0.6811438191683585
-0.38485281374238567 0.7424264068711928 -0.31414213562373083 0.6717157287525379
-0.4131370849898475 0.7565685424949237 -0.31885618083164113 0.6622876383367173
-0.4414213562373095 0.7707106781186546 -0.3235702260395515 0.6528595479208966
-0.46970562748477146 0.7848528137423857 -0.3282842712474618 0.6434314575050759
-0.49798989873223337 0.7989949493661167 -0.3329983164553721 0.6340033670892553
-0.5262741699796953 0.8131370849898476 -0.33771236166328245 0.6245752766734347
-0.5545584412271573 0.8272792206135785 -0.34242640687119275 0.6151471862576141
-0.5828427124746192 0.8414213562373096 -0.3471404520791031 0.6057190958417934
-0.6111269837220811 0.8555634918610405 -0.3518544972870134 0.5962910054259728
-0.6394112549695429 0.8697056274847715 -0.35656854249492376 0.5868629150101522
-0.667695526217005 0.8838477631085024 -0.36128258770283406 0.5774348245943316
-0.6959797974644668 0.8979898987322333 -0.3659966329107444 0.568006734178511
-0.7121320343559644 0.8999999999999999 -0.3707106781186547 0.5585786437626903
-0.7262741699796953 0.8999999999999999 -0.375424723326565 0.5491505533468697
-0.7404163056034263 0.8999999999999999 -0.3801387685344753 0.539722462931049
-0.7545584412271572 0.8999999999999999 -0.3848528137423856 0.5302943725152284
-0.7687005768508882 0.8999999999999999 -0.38956685895029597 0.5208662820994078
-0.7828427124746191 0.8999999999999999 -0.39428090415820627 0.5114381916835871
-0.79698484809835 0.8999999999999999 -0.39899494936611657 0.5020101012677665
-0.811126983722081 0.8999999999999999 -0.4148359782961081 0.5037089945740271
-0.8252691193458119 0.8999999999999999 -0.4336921591277494 0.5084230397819374
-0.839411254969543 0.8999999999999999 -0.4525483399593907 0.5131370849898477
-0.853553390593274 0.8999999999999999 -0.47140452079103196 0.517851130197758
-0.867695526217005 0.8999999999999999 -0.49026070162267316 0.5225651754056683
-0.8818376618407359 0.8999999999999999 -0.5091168824543145 0.5272792206135787
-0.8959797974644668 0.8999999999999999 -0.5279730632859557 0.531993265821489
-0.5468292441175969 0.5367073110293993 -0.8949390334559011 0.8848171003677032
-0.5656854249492382 0.5414213562373096 -0.8878679656440357 0.8636038969321069
-0.5845416057808795 0.5461354014452199 -0.8807968978321702 0.8423906934965104
-0.6033977866125209 0.5508494466531302 -0.8737258300203048 0.8211774900609141
-0.6222539674441621 0.5555634918610405 -0.8666547622084392 0.7999642866253176
-0.6411101482758034 0.5602775370689509 -0.8595836943965737 0.7787510831897213
-0.6599663291074447 0.5649915822768612 -0.8525126265847083 0.7575378797541248
-0.6788225099390859 0.5697056274847715 -0.8454415587728428 0.7363246763185283
-0.6976786907707271 0.5744196726926818 -0.8383704909609774 0.715111472882932
-0.7165348716023684 0.5791337179005921 -0.831299423149112 0.6938982694473355
-0.7353910524340097 0.5838477631085025 -0.8242283553372464 0.6726850660117392
-0.754247233265651 0.5885618083164128 -0.8171572875253809 0.6514718625761426
-0.7731034140972922 0.5932758535243231 -0.8100862197135155 0.6302586591405464
-0.7919595949289336 0.5979898987322334 -0.80301515190165 0.6090454557049498
