415.13940978690465 201.76192333112644 294.66847867027855 470.46891599779906
412.88087955699683 197.0219826806736 291.28970173315486 468.2276538331062
409.0690428398694 195.7466480642377 287.9109247960312 465.9863916684135
405.257206122742 194.47131344780175 284.5321478589076 463.74512950372065
401.44536940561454 193.19597883136584 281.15337092178396 461.5038673390279
397.63353268848715 191.9206442149299 277.7745939846603 459.2626051743351
393.8216959713597 190.64530959849398 274.39581704753664 457.02134300964235
390.0098592542323 189.36997498205804 271.017040110413 454.7800808449495
386.19802253710486 188.0946403656221 267.6382631732893 452.53881868025684
382.38618581997747 186.81930574918619 264.2594862361657 450.297556515564
378.57434910285 185.54397113275024 260.880709299042 448.05629435087127
374.76251238572263 184.26863651631433 257.50193236191836 445.8150321861784
370.9506756685952 182.9933018998784 254.12315542479473 443.5737700214857
367.1388389514678 181.71796728344248 250.74437848767107 441.33250785679286
363.32700223434034 180.44263266700654 247.36560155054744 439.09124569210013
359.51516551721295 179.16729805057062 243.9868246134238 436.8499835274073
355.7033288000855 177.89196343413468 240.6080476763001 434.6087213627146
351.8914920829581 176.61662881769874 237.22927073917646 432.3674591980218
348.07965536583066 175.34129420126283 233.8504938020528 430.12619703332905
344.26781864870327 174.06595958482689 230.47171686492916 427.8849348686362
340.4559819315758 172.79062496839097 227.0929399278055 425.6436727039435
336.64414521444843 171.51529035195503 223.71416299068187 423.40241053925064
332.832308497321 170.23995573551912 220.3353860535582 421.1611483745579
329.0204717801936 168.96462111908318 216.95660911643458 418.91988620986507
325.20863506306614 167.68928650264724 213.57783217931086 416.67862404517234
321.39679834593875 166.41395188621132 210.19905524218723 414.43736188047956
317.5849616288114 165.13861726977538 206.8202783050636 412.19609971578683
313.77312491168396 163.86328265333947 203.44150136793994 409.954837551094
309.9612881945566 162.58794803690353 200.0627244308163 407.71357538640126
306.1494514774291 161.3126134204676 196.68394749369264 405.4723132217084
302.33761476030173 160.03727880403167 193.305170556569 403.2310510570157
298.5257780431743 158.76194418759576 189.92639361944535 400.98978889232285
294.7139413260469 157.48660957115982 186.54761668232172 398.7485267276301
