30.342307489423156 601.1898317565712 118.4777107275937 404.6063162804063
155.07529398671042 164.66175236190165 80.48704529288888 331.0287241203241
151.60837915839718 162.61707926199006 77.27240746218966 328.42135433732454
148.14146433008395 160.5724061620785 74.05776963149049 325.813984554325
144.67454950177068 158.5277330621669 70.8431318007913 323.20661477132535
141.20763467345742 156.48305996225534 67.62849397009212 320.5992449883258
137.74071984514418 154.43838686234375 64.41385613939292 317.99187520532615
134.27380501683095 152.39371376243218 61.19921830869374 315.3845054223266
130.8068901885177 150.3490406625206 57.98458047799454 312.77713563932696
138.02778504303112 124.46551140497012 54.76994264729536 310.1697658563274
147.0810238517183 94.49499096296223 51.55530481659616 307.5623960733278
140.89474702939958 88.73824938315467 45.12602915519778 302.3476565073286
125.42905497360273 74.34639543363575 29.052840001701835 289.31080759233066
119.24277815128399 68.58965385382818 22.623564340303453 284.09606802633147
116.14963974012463 65.7112830639244 19.40892650960427 281.4886982433319
106.87022450664652 57.07617069421305 9.765013017506709 273.6665888943331
103.77708609548715 54.197799904309264 6.55037518680751 271.0592191113335
100.68394768432778 51.31942911440548 3.335737356108328 268.45184932833394
97.59080927316842 48.4410583245017 0.12109952540912901 265.8444795453343
91.40453245084969 42.68431674469412 -6.308176135989235 260.6297399793351
88.3113940396903 39.80594595479034 -9.522813966688433 258.02237019633554
75.93884039505284 28.292462795175204 -22.38136528948519 247.59289106433718
59.209435172459926 16.719285197666153 -38.454554442981134 234.5560421493392
55.31841899175162 15.620558127487058 -41.669192273680316 231.94867236633962
51.427402811043315 14.521831057307963 -44.883830104379506 229.34130258334002
47.536386630335 13.423103987128869 -48.09846793507869 226.73393280034043
43.6453704496267 12.324376916949776 -51.31310576577787 224.12656301734083
39.754354268918384 11.225649846770681 -54.52774359647705 221.51919323434123
35.86333808821008 10.126922776591586 -57.742381427176234 218.91182345134166
24.190289546085147 6.830741566054303 -67.3862949192738 211.0897141023429
16.40825718466853 4.633287425696114 -73.81557058067216 205.87497453634373
-82.53443836063093 195.98957698093622 4.735208642543596 1.3371062151588295
-83.33310860746131 187.99346007176823 0.8441924618352852 0.23837914497973475
-84.1317788542917 179.99734316260023 -51.20456165551643 106.55411973636296
85.21825562853093 36.927575164886555 26.085953547385234 168.82049667223077
82.12511721737157 34.04920437498277 22.464343874218198 167.12086603323826
79.0319788062122 31.17083358507899 18.842734201051186 165.42123539424577
158.54220881502366 166.7064254618132 127.5439056184109 235.8472609523921
378.57434910285 185.54397113275024 260.880709299042 448.05629435087127
363.32700223434034 180.44263266700654 247.36560155054744 439.09124569210013
359.51516551721295 179.16729805057062 243.9868246134238 436.8499835274073
355.7033288000855 177.89196343413468 240.6080476763001 434.6087213627146
351.8914920829581 176.61662881769874 237.22927073917646 432.3674591980218
344.26781864870327 174.06595958482689 230.47171686492916 427.8849348686362
340.4559819315758 172.79062496839097 227.0929399278055 425.6436727039435
332.832308497321 170.23995573551912 220.3353860535582 421.1611483745579
329.0204717801936 168.96462111908318 216.95660911643458 418.91988620986507
313.77312491168396 163.86328265333947 203.44150136793994 409.954837551094
306.1494514774291 161.3126134204676 196.68394749369264 405.4723132217084
294.7139413260469 157.48660957115982 186.54761668232172 398.7485267276301
275.65475774040976 151.10993648898017 169.65373199670344 387.5422159041662
271.8429210232823 149.83460187254425 166.27495505957978 385.30095373947347
256.5955741547727 144.73326340680052 152.7598473110852 376.3359050807024
229.91271713488072 135.805921091749 129.10840875121963 360.64706992785284
218.4772069834985 131.97991724244125 118.97207793984866 353.9232834337746
210.85353354924365 129.4292480095694 112.21452406560137 349.44075910438903
207.04169683211623 128.15391339313345 108.83574712847769 347.1994969396962
203.2298601149888 126.87857877669752 105.45697019135405 344.95823477500346
199.4180233978614 125.6032441602616 102.0781932542304 342.7169726103106
195.60618668073397 124.32790954382567 98.69941631710675 340.4757104456179
