245.1600640033904 140.90725955749275 142.6235164997142 369.612118586624
144.67454950177068 158.5277330621669 70.8431318007913 323.20661477132535
241.34822728626298 139.6319249410568 139.24473956259058 367.37085642193125
158.54220881502366 166.7064254618132 127.5439056184109 235.8472609523921
148.14146433008395 160.5724061620785 74.05776963149049 325.813984554325
256.5955741547727 144.73326340680052 152.7598473110852 376.3359050807024
252.78373743764524 143.4579287903646 149.3810703739615 374.09464291600955
199.4180233978614 125.6032441602616 102.0781932542304 342.7169726103106
155.07529398671042 164.66175236190165 80.48704529288888 331.0287241203241
233.72455385200814 137.08125570818495 132.4871856883433 362.8883320925457
248.97190072051782 142.18259417392866 146.00229343683785 371.8533807513168
195.60618668073397 124.32790954382567 98.69941631710675 340.4757104456179
83.70168312358807 333.63609390332374 117.07546427889247 259.19682224636335
203.2298601149888 126.87857877669752 105.45697019135405 344.95823477500346
222.2890437006259 133.25525185887716 122.3508548769723 356.1645455984673
151.60837915839718 162.61707926199006 77.27240746218966 328.42135433732454
210.85353354924365 129.4292480095694 112.21452406560137 349.44075910438903
214.66537026637107 130.7045826260053 115.59330100272501 351.68202126908176
207.04169683211623 128.15391339313345 108.83574712847769 347.1994969396962
237.53639056913556 138.3565903246209 135.86596262546692 365.1295942572384
260.4074108719001 146.00859802323646 156.13862424820886 378.57716724539506
226.10088041775333 134.5305864753131 125.72963181409597 358.4058077631601
229.91271713488072 135.805921091749 129.10840875121963 360.64706992785284
141.20763467345742 156.48305996225534 67.62849397009212 320.5992449883258
264.2192475890275 147.28393263967237 159.5174011853325 380.8184294100879
218.4772069834985 131.97991724244125 118.97207793984866 353.9232834337746
