351.8914920829581 176.61662881769874 237.22927073917646 432.3674591980218
348.07965536583066 175.34129420126283 233.8504938020528 430.12619703332905
344.26781864870327 174.06595958482689 230.47171686492916 427.8849348686362
340.4559819315758 172.79062496839097 227.0929399278055 425.6436727039435
336.64414521444843 171.51529035195503 223.71416299068187 423.40241053925064
332.832308497321 170.23995573551912 220.3353860535582 421.1611483745579
329.0204717801936 168.96462111908318 216.95660911643458 418.91988620986507
325.20863506306614 167.68928650264724 213.57783217931086 416.67862404517234
321.39679834593875 166.41395188621132 210.19905524218723 414.43736188047956
317.5849616288114 165.13861726977538 206.8202783050636 412.19609971578683
313.77312491168396 163.86328265333947 203.44150136793994 409.954837551094
309.9612881945566 162.58794803690353 200.0627244308163 407.71357538640126
306.1494514774291 161.3126134204676 196.68394749369264 405.4723132217084
302.33761476030173 160.03727880403167 193.305170556569 403.2310510570157
298.5257780431743 158.76194418759576 189.92639361944535 400.98978889232285
294.7139413260469 157.48660957115982 186.54761668232172 398.7485267276301
290.90210460891944 156.21127495472388 183.168839745198 396.5072645629373
287.09026789179205 154.93594033828796 179.79006280807437 394.2660023982446
283.2784311746646 153.66060572185202 176.4112858709507 392.02474023355177
279.4665944575372 152.3852711054161 173.03250893382707 389.78347806885904
