237.99996359148165 636.6692631070398 217.97870852323678 681.3261042963246
274.36332860966394 545.7842812669005 214.29956340492672 679.7548048347609
295.2836894091585 489.34448203537823 210.6204182866166 678.183505373197
291.7363900656039 487.47910431525065 206.94127316830654 676.6122059116333
288.18909072204923 485.613726595123 203.2621280499965 675.0409064500694
284.6417913784946 483.74834887499554 199.5829829316864 673.4696069885057
281.0944920349399 481.882971154868 195.90383781337633 671.898307526942
277.5471926913852 480.01759343474043 192.2246926950663 670.3270080653781
273.9998933478306 478.1522157146128 188.54554757675615 668.7557086038142
270.4525940042759 476.28683799448527 184.86640245844612 667.1844091422505
266.90529466072127 474.4214602743578 181.18725734013609 665.6131096806868
263.35799531716657 472.55608255423016 177.50811222182594 664.0418102191229
259.81069597361187 470.6907048341026 173.8289671035159 662.470510757559
256.2633966300573 468.82532711397505 170.14982198520585 660.8992112959953
252.7160972865026 466.9599493938475 166.47067686689573 659.3279118344316
249.1687979429479 465.09457167371994 162.7915317485857 657.7566123728677
245.62149859939328 463.22919395359236 159.11238663027564 656.1853129113039
242.07419925583858 461.36381623346483 155.43324151196552 654.6140134497401
238.52689991228397 459.4984385133373 151.7540963936555 653.0427139881764
234.97960056872927 457.6330607932097 148.07495127534543 651.4714145266125
110.82412354431602 392.34484058874517 19.30487213449294 596.4759333718798
107.27682420076133 390.47946286861765 15.625727016182855 594.904633910316
103.72952485720667 388.61408514849006 11.94658189787281 593.3333344487521
100.18222551365201 386.74870742836254 8.267436779562725 591.7620349871884
96.63492617009737 384.88332970823495 4.588291661252641 590.1907355256246
93.08762682654269 383.0179519881074 0.9091465429425966 588.6194360640608
89.54032748298803 381.15257426797984 -2.7699985753674885 587.0481366024969
85.99302813943336 379.28719654785226 -6.4491436936775735 585.4768371409332
82.44572879587871 377.42181882772474 -10.128288811987618 583.9055376793694
231.43230122517457 455.7676830730821 209.8509719439676 503.90422551657264
144.39580615703534 649.9001150650487 205.83493264981536 512.8618871795188
227.88500188161996 453.9023053529546 207.44016533246634 499.5039330133764
140.71666103872525 648.3288156034849 200.57767986743363 514.810512073038
224.33770253806526 452.0369276328271 205.02935872096506 495.10364051018007
137.03751592041522 646.7575161419212 197.84101422943894 511.1370388799503
220.79040319451065 450.1715499126995 202.6185521094638 490.7033480069838
133.35837080210513 645.1862166803573 195.1043485914443 507.4635656868626
217.24310385095592 448.30617219257186 200.20774549796246 486.30305550378745
129.67922568379504 643.6149172187935 192.3676829534496 503.79009249377475
213.69580450740128 446.44079447244434 197.79693888646122 481.90276300059116
126.000080565485 642.0436177572298 189.631017315455 500.1166193006872
210.1485051638466 444.57541675231687 195.38613227495992 477.5024704973948
122.32093544717492 640.472318295666 186.89435167746026 496.4431461075993
206.60120582029197 442.71003903218923 192.9753256634586 473.1021779941985
118.64179032886483 638.9010188341022 184.1576860394656 492.76967291451166
203.05390647673727 440.84466131206165 190.56451905195735 468.7018854910022
114.96264521055478 637.3297193725383 181.42102040147094 489.09619972142383
199.5066071331826 438.9792835919341 188.15371244045605 464.30159298780586
111.28350009224471 635.7584199109746 178.6843547634763 485.4227265283362
195.95930778962796 437.11390587180665 185.74290582895483 459.90130048460964
107.60435497393462 634.1871204494108 175.9476891254817 481.74925333524857
192.41200844607332 435.248528151679 183.33209921745353 455.50100798141335
103.92520985562457 632.615820987847 173.21102348748707 478.07578014216085
188.86470910251865 433.3831504315515 180.9212926059522 451.10071547821696
100.24606473731448 631.0445215262832 170.47435784949232 474.40230694907314
185.31740975896395 431.5177727114239 178.51048599445096 446.70042297502073
96.56691961900441 629.4732220647194 167.7376922114977 470.7288337559853
181.7701104154093 429.6523949912963 176.09967938294963 442.30013047182433
92.88777450069436 627.9019226031556 165.00102657350303 467.0553605628976
178.22281107185464 427.7870172711688 173.6888727714484 437.8998379686281
89.20862938238427 626.3306231415918 162.26436093550836 463.38188736981
174.6755117283 425.9216395510412 171.2780661599471 433.49954546543177
85.52948426407423 624.759323680028 159.52769529751365 459.70841417672216
171.1282123847453 424.0562618309137 168.86725954844576 429.09925296223537
81.85033914576414 623.1880242184642 156.79102965951898 456.03494098363444
78.17119402745406 621.6167247569005 154.05436402152432 452.36146779054667
74.49204890914402 620.0454252953367 151.31769838352974 448.68799459745907
70.81290379083393 618.4741258337729 148.58103274553505 445.01452140437135
67.13375867252384 616.9028263722091 145.8443671075404 441.34104821128363
63.4546135542138 615.3315269106453 143.10770146954567 437.6675750181958
59.77546843590371 613.7602274490815 140.37103583155104 433.99410182510815
56.09632331759363 612.1889279875177 137.63437019355638 430.32062863202043
52.41717819928358 610.6176285259539 134.89770455556172 426.64715543893266
48.7380330809735 609.0463290643902 132.16103891756703 422.9736822458449
45.05888796266341 607.4750296028263 129.42437327957236 419.30020905275717
41.37974284435337 605.9037301412625 126.68770764157769 415.62673585966945
37.700597726043284 604.3324306796987 123.95104200358303 411.95326266658174
34.0214526077332 602.761131218135 121.21437636558836 408.279789473494
30.342307489423156 601.1898317565712 118.4777107275937 404.6063162804063
26.66316237111307 599.6185322950073 115.74104508959907 400.9328430873186
22.984017252803024 598.0472328334436 113.00437945160438 397.2593698942308
156.80875140086704 165.6840889118574 82.09436420823846 332.33240901182387
149.87492174424057 161.59474271203425 75.6650885468401 327.11766944582473
142.94109208761407 157.5053965122111 69.23581288544169 321.90292987982554
136.00726243098757 153.41605031238794 62.80653722404333 316.68819031382634
129.07343277436107 149.32670411256478 56.37726156264495 311.47345074782714
145.5344546461386 93.05580556801034 49.94798590124657 306.25871118182795
139.3481778238199 87.29906398820278 43.51871023984819 301.0439716158288
133.16190100150115 81.54232240839521 37.089434578449804 295.8292320498296
126.9756241791824 75.78558082858764 30.660158917051444 290.6144924838304
120.78934735686367 70.02883924878007 24.230883255653062 285.3997529178312
114.60307053454494 64.2720976689725 17.80160759425468 280.185013351832
108.4167937122262 58.51535608916494 11.3723319328563 274.97027378583283
102.23051688990748 52.75861450935738 4.943056271457936 269.7555342198337
96.04424006758875 47.00187292954982 -1.4862193899404281 264.5407946538345
89.85796324527001 41.24513134974226 -7.915495051338809 259.32605508783536
71.29913277831383 23.974906610319586 -27.20332203553391 243.6818363898378
65.04595944352249 18.36737580293482 -33.63259769693227 238.46709682383863
57.26392708210587 16.169921662576634 -40.061873358330644 233.25235725783944
49.481894720689255 13.972467522218444 -46.49114901972901 228.0376176918403
41.69986235927264 11.775013381860255 -52.92042468112737 222.8228781258411
33.91782999785602 9.577559241502067 -59.34970034252574 217.6081385598419
26.135797636439396 7.380105101143877 -65.77897600392411 212.39339899384274
18.353765275022774 5.182650960785687 -72.20825166532249 207.17865942784357
10.571732913606153 2.9851968204274972 -78.63752732672086 201.9639198618444
-82.9337734840461 191.99151852635242 2.7897005521895313 0.7877426800693078
83.6716864229513 35.488389769934706 24.27514871080177 167.97068135273452
-14.344770712737173 254.1113155218362 19.38567840596645 178.87650609541367
77.48540960063256 29.731648190127146 15.893723685547343 167.1101555371887
-20.774046374135537 248.896575955837 9.232719390090082 181.96733656652228
415.13940978690465 201.76192333112644 294.66847867027855 470.46891599779906
405.257206122742 194.47131344780175 284.5321478589076 463.74512950372065
393.8216959713597 190.64530959849398 274.39581704753664 457.02134300964235
382.38618581997747 186.81930574918619 264.2594862361657 450.297556515564
370.9506756685952 182.9933018998784 254.12315542479473 443.5737700214857
359.51516551721295 179.16729805057062 243.9868246134238 436.8499835274073
348.07965536583066 175.34129420126283 233.8504938020528 430.12619703332905
336.64414521444843 171.51529035195503 223.71416299068187 423.40241053925064
325.20863506306614 167.68928650264724 213.57783217931086 416.67862404517234
313.77312491168396 163.86328265333947 203.44150136793994 409.954837551094
302.33761476030173 160.03727880403167 193.305170556569 403.2310510570157
290.90210460891944 156.21127495472388 183.168839745198 396.5072645629373
279.4665944575372 152.3852711054161 173.03250893382707 389.78347806885904
268.0310843061549 148.5592672561083 162.89617812245615 383.05969157478063
256.5955741547727 144.73326340680052 152.7598473110852 376.3359050807024
245.1600640033904 140.90725955749275 142.6235164997142 369.612118586624
233.72455385200814 137.08125570818495 132.4871856883433 362.8883320925457
222.2890437006259 133.25525185887716 122.3508548769723 356.1645455984673
210.85353354924365 129.4292480095694 112.21452406560137 349.44075910438903
199.41802339786142 125.60324416026161 102.07819325423043 342.7169726103107
