213.69580450740128 446.44079447244434 197.79693888646122 481.90276300059116
210.1485051638466 444.57541675231687 195.38613227495992 477.5024704973948
206.60120582029197 442.71003903218923 192.9753256634586 473.1021779941985
203.05390647673727 440.84466131206165 190.56451905195735 468.7018854910022
199.5066071331826 438.9792835919341 188.15371244045605 464.30159298780586
195.95930778962796 437.11390587180665 185.74290582895483 459.90130048460964
192.41200844607332 435.248528151679 183.33209921745353 455.50100798141335
188.86470910251865 433.3831504315515 180.9212926059522 451.10071547821696
185.31740975896395 431.5177727114239 178.51048599445096 446.70042297502073
181.7701104154093 429.6523949912963 176.09967938294963 442.30013047182433
178.22281107185464 427.7870172711688 173.6888727714484 437.8998379686281
174.6755117283 425.9216395510412 171.2780661599471 433.49954546543177
171.1282123847453 424.0562618309137 168.86725954844576 429.09925296223537
415.13940978690465 201.76192333112644 294.66847867027855 470.46891599779906
405.257206122742 194.47131344780175 284.5321478589076 463.74512950372065
393.8216959713597 190.64530959849398 274.39581704753664 457.02134300964235
382.38618581997747 186.81930574918619 264.2594862361657 450.297556515564
370.9506756685952 182.9933018998784 254.12315542479473 443.5737700214857
359.51516551721295 179.16729805057062 243.9868246134238 436.8499835274073
348.07965536583066 175.34129420126283 233.8504938020528 430.12619703332905
336.64414521444843 171.51529035195503 223.71416299068187 423.40241053925064
325.20863506306614 167.68928650264724 213.57783217931086 416.67862404517234
313.77312491168396 163.86328265333947 203.44150136793994 409.954837551094
302.33761476030173 160.03727880403167 193.305170556569 403.2310510570157
