237.99996359148165 636.6692631070398 217.97870852323678 681.3261042963246
274.36332860966394 545.7842812669005 214.29956340492672 679.7548048347609
295.2836894091585 489.34448203537823 210.6204182866166 678.183505373197
291.7363900656039 487.47910431525065 206.94127316830654 676.6122059116333
288.18909072204923 485.613726595123 203.2621280499965 675.0409064500694
284.6417913784946 483.74834887499554 199.5829829316864 673.4696069885057
281.0944920349399 481.882971154868 195.90383781337633 671.898307526942
277.5471926913852 480.01759343474043 192.2246926950663 670.3270080653781
273.9998933478306 478.1522157146128 188.54554757675615 668.7557086038142
270.4525940042759 476.28683799448527 184.86640245844612 667.1844091422505
266.90529466072127 474.4214602743578 181.18725734013609 665.6131096806868
263.35799531716657 472.55608255423016 177.50811222182594 664.0418102191229
259.81069597361187 470.6907048341026 173.8289671035159 662.470510757559
256.2633966300573 468.82532711397505 170.14982198520585 660.8992112959953
252.7160972865026 466.9599493938475 166.47067686689573 659.3279118344316
249.1687979429479 465.09457167371994 162.7915317485857 657.7566123728677
245.62149859939328 463.22919395359236 159.11238663027564 656.1853129113039
242.07419925583858 461.36381623346483 155.43324151196552 654.6140134497401
238.52689991228397 459.4984385133373 151.7540963936555 653.0427139881764
234.97960056872927 457.6330607932097 148.07495127534543 651.4714145266125
231.43230122517457 455.7676830730821 209.8509719439676 503.90422551657264
144.39580615703534 649.9001150650487 205.83493264981536 512.8618871795188
227.88500188161996 453.9023053529546 207.44016533246634 499.5039330133764
140.71666103872525 648.3288156034849 200.57767986743363 514.810512073038
224.33770253806526 452.0369276328271 205.02935872096506 495.10364051018007
137.03751592041522 646.7575161419212 197.84101422943894 511.1370388799503
220.79040319451065 450.1715499126995 202.6185521094638 490.7033480069838
133.35837080210513 645.1862166803573 195.1043485914443 507.4635656868626
217.24310385095592 448.30617219257186 200.20774549796246 486.30305550378745
129.67922568379504 643.6149172187935 192.3676829534496 503.79009249377475
213.69580450740128 446.44079447244434 197.79693888646122 481.90276300059116
126.000080565485 642.0436177572298 189.631017315455 500.1166193006872
210.1485051638466 444.57541675231687 195.38613227495992 477.5024704973948
122.32093544717492 640.472318295666 186.89435167746026 496.4431461075993
206.60120582029197 442.71003903218923 192.9753256634586 473.1021779941985
118.64179032886483 638.9010188341022 184.1576860394656 492.76967291451166
203.05390647673727 440.84466131206165 190.56451905195735 468.7018854910022
114.96264521055478 637.3297193725383 181.42102040147094 489.09619972142383
199.5066071331826 438.9792835919341 188.15371244045605 464.30159298780586
111.28350009224471 635.7584199109746 178.6843547634763 485.4227265283362
195.95930778962796 437.11390587180665 185.74290582895483 459.90130048460964
107.60435497393462 634.1871204494108 175.9476891254817 481.74925333524857
192.41200844607332 435.248528151679 183.33209921745353 455.50100798141335
103.92520985562457 632.615820987847 173.21102348748707 478.07578014216085
188.86470910251865 433.3831504315515 180.9212926059522 451.10071547821696
185.31740975896395 431.5177727114239 178.51048599445096 446.70042297502073
181.7701104154093 429.6523949912963 176.09967938294963 442.30013047182433
178.22281107185464 427.7870172711688 173.6888727714484 437.8998379686281
174.6755117283 425.9216395510412 171.2780661599471 433.49954546543177
