237.99996359148165 636.6692631070398 217.97870852323678 681.3261042963246
274.36332860966394 545.7842812669005 214.29956340492672 679.7548048347609
295.2836894091585 489.34448203537823 210.6204182866166 678.183505373197
291.7363900656039 487.47910431525065 206.94127316830654 676.6122059116333
288.18909072204923 485.613726595123 203.2621280499965 675.0409064500694
284.6417913784946 483.74834887499554 199.5829829316864 673.4696069885057
281.0944920349399 481.882971154868 195.90383781337633 671.898307526942
277.5471926913852 480.01759343474043 192.2246926950663 670.3270080653781
273.9998933478306 478.1522157146128 188.54554757675615 668.7557086038142
270.4525940042759 476.28683799448527 184.86640245844612 667.1844091422505
266.90529466072127 474.4214602743578 181.18725734013609 665.6131096806868
263.35799531716657 472.55608255423016 177.50811222182594 664.0418102191229
259.81069597361187 470.6907048341026 173.8289671035159 662.470510757559
256.2633966300573 468.82532711397505 170.14982198520585 660.8992112959953
252.7160972865026 466.9599493938475 166.47067686689573 659.3279118344316
249.1687979429479 465.09457167371994 162.7915317485857 657.7566123728677
245.62149859939328 463.22919395359236 159.11238663027564 656.1853129113039
242.07419925583858 461.36381623346483 155.43324151196552 654.6140134497401
238.52689991228397 459.4984385133373 151.7540963936555 653.0427139881764
234.97960056872927 457.6330607932097 148.07495127534543 651.4714145266125
110.82412354431602 392.34484058874517 19.30487213449294 596.4759333718798
231.43230122517457 455.7676830730821 209.8509719439676 503.90422551657264
144.39580615703534 649.9001150650487 205.83493264981536 512.8618871795188
227.88500188161996 453.9023053529546 207.44016533246634 499.5039330133764
140.71666103872525 648.3288156034849 200.57767986743363 514.810512073038
224.33770253806526 452.0369276328271 205.02935872096506 495.10364051018007
137.03751592041522 646.7575161419212 197.84101422943894 511.1370388799503
220.79040319451065 450.1715499126995 202.6185521094638 490.7033480069838
133.35837080210513 645.1862166803573 195.1043485914443 507.4635656868626
217.24310385095592 448.30617219257186 200.20774549796246 486.30305550378745
129.67922568379504 643.6149172187935 192.3676829534496 503.79009249377475
213.69580450740128 446.44079447244434 197.79693888646122 481.90276300059116
126.000080565485 642.0436177572298 189.631017315455 500.1166193006872
210.1485051638466 444.57541675231687 195.38613227495992 477.5024704973948
122.32093544717492 640.472318295666 186.89435167746026 496.4431461075993
206.60120582029197 442.71003903218923 192.9753256634586 473.1021779941985
118.64179032886483 638.9010188341022 184.1576860394656 492.76967291451166
203.05390647673727 440.84466131206165 190.56451905195735 468.7018854910022
114.96264521055478 637.3297193725383 181.42102040147094 489.09619972142383
199.5066071331826 438.9792835919341 188.15371244045605 464.30159298780586
111.28350009224471 635.7584199109746 178.6843547634763 485.4227265283362
195.95930778962796 437.11390587180665 185.74290582895483 459.90130048460964
107.60435497393462 634.1871204494108 175.9476891254817 481.74925333524857
192.41200844607332 435.248528151679 183.33209921745353 455.50100798141335
103.92520985562457 632.615820987847 173.21102348748707 478.07578014216085
188.86470910251865 433.3831504315515 180.9212926059522 451.10071547821696
100.24606473731448 631.0445215262832 170.47435784949232 474.40230694907314
185.31740975896395 431.5177727114239 178.51048599445096 446.70042297502073
96.56691961900441 629.4732220647194 167.7376922114977 470.7288337559853
181.7701104154093 429.6523949912963 176.09967938294963 442.30013047182433
178.22281107185464 427.7870172711688 173.6888727714484 437.8998379686281
174.6755117283 425.9216395510412 171.2780661599471 433.49954546543177
171.1282123847453 424.0562618309137 168.86725954844576 429.09925296223537
74.49204890914402 620.0454252953367 151.31769838352974 448.68799459745907
70.81290379083393 618.4741258337729 148.58103274553505 445.01452140437135
63.4546135542138 615.3315269106453 143.10770146954567 437.6675750181958
59.77546843590371 613.7602274490815 140.37103583155104 433.99410182510815
56.09632331759363 612.1889279875177 137.63437019355638 430.32062863202043
338.20423264627607 383.14118060693687 298.04725560740224 472.7101781624918
415.13940978690465 201.76192333112644 294.66847867027855 470.46891599779906
412.88087955699683 197.0219826806736 291.28970173315486 468.2276538331062
409.0690428398694 195.7466480642377 287.9109247960312 465.9863916684135
405.257206122742 194.47131344780175 284.5321478589076 463.74512950372065
401.44536940561454 193.19597883136584 281.15337092178396 461.5038673390279
397.63353268848715 191.9206442149299 277.7745939846603 459.2626051743351
393.8216959713597 190.64530959849398 274.39581704753664 457.02134300964235
390.0098592542323 189.36997498205804 271.017040110413 454.7800808449495
386.19802253710486 188.0946403656221 267.6382631732893 452.53881868025684
382.38618581997747 186.81930574918619 264.2594862361657 450.297556515564
367.1388389514678 181.71796728344248 250.74437848767107 441.33250785679286
321.39679834593875 166.41395188621132 210.19905524218723 414.43736188047956
317.5849616288114 165.13861726977538 206.8202783050636 412.19609971578683
309.9612881945566 162.58794803690353 200.0627244308163 407.71357538640126
279.4665944575372 152.3852711054161 173.03250893382707 389.78347806885904
264.2192475890275 147.28393263967237 159.5174011853325 380.8184294100879
260.4074108719001 146.00859802323646 156.13862424820886 378.57716724539506
252.78373743764524 143.4579287903646 149.3810703739615 374.09464291600955
245.1600640033904 140.90725955749275 142.6235164997142 369.612118586624
233.72455385200814 137.08125570818495 132.4871856883433 362.8883320925457
