land1:
0.0 0.0
-3.0804684303785557 -34.58375538061896
55.10615746312568 -45.03672324442304
35.68209264327158 -1.0008160719402626
land2:
85.65413605779301 27.68924466096461
76.75500503818563 -35.028562523440144
141.9582534664037 -46.70475003099015
141.44484206154328 28.134051804575932
obstacle1:
-70.93634244895681 74.72760005005831
-72.1343023944418 57.82492861021121
-51.94012046668906 57.046516109286465
-49.62976914420914 81.28850541160911
station1:
10.867208070559009 50.37440896222792
12.407442286356288 32.5821232359483
45.77918360714796 30.024482162948697
44.1533808240766 55.48969110822713
