154.10197374300876 401.18653698371656
149.8444163234173 412.8639955101483
149.2263057181661 414.24267367203316
145.66273481405878 412.4135892059013
146.29711697986266 410.9986177900208
142.749817636308 409.1332400698932
142.09916390995144 410.5845047397693
138.53559300584405 408.75542027363736
139.2025182927533 407.26786234976566
135.65521894919866 405.4024846296381
134.97202210173677 406.9263358075054
131.4084511976294 405.0972513413734
132.10791960564399 403.53710690951056
128.56062026208934 401.671729189383
127.84488029352207 403.2681668752415
124.28130938941473 401.4390824091095
125.01332091853469 399.80635146925545
121.46602157497999 397.94097374912786
120.71773848530744 399.6099979429775
117.15416758120011 397.78091347684557
117.91872223142533 396.0755960290003
114.37142288787068 394.21021830887275
113.59059667709275 395.95182901071365
110.82412354431602 392.34484058874517
19.30487213449294 596.4759333718798
22.984017252803024 598.0472328334436
113.00437945160438 397.2593698942308
115.74104508959907 400.9328430873186
26.66316237111307 599.6185322950073
30.342307489423156 601.1898317565712
118.4777107275937 404.6063162804063
121.21437636558836 408.279789473494
34.0214526077332 602.761131218135
37.700597726043284 604.3324306796987
123.95104200358303 411.95326266658174
126.68770764157769 415.62673585966945
41.37974284435337 605.9037301412625
45.05888796266341 607.4750296028263
129.42437327957236 419.30020905275717
132.16103891756703 422.9736822458449
48.7380330809735 609.0463290643902
52.41717819928358 610.6176285259539
134.89770455556172 426.64715543893266
137.63437019355638 430.32062863202043
56.09632331759363 612.1889279875177
59.77546843590371 613.7602274490815
140.37103583155104 433.99410182510815
143.10770146954567 437.6675750181958
63.4546135542138 615.3315269106453
67.13375867252384 616.9028263722091
145.8443671075404 441.34104821128363
148.58103274553505 445.01452140437135
70.81290379083393 618.4741258337729
74.49204890914402 620.0454252953367
151.31769838352974 448.68799459745907
154.05436402152432 452.36146779054667
78.17119402745406 621.6167247569005
81.85033914576414 623.1880242184642
156.79102965951898 456.03494098363444
159.52769529751365 459.70841417672216
85.52948426407423 624.759323680028
89.20862938238427 626.3306231415918
162.26436093550836 463.38188736981
165.00102657350303 467.0553605628976
92.88777450069436 627.9019226031556
96.56691961900441 629.4732220647194
167.7376922114977 470.7288337559853
170.47435784949232 474.40230694907314
100.24606473731448 631.0445215262832
103.92520985562457 632.615820987847
173.21102348748707 478.07578014216085
175.9476891254817 481.74925333524857
107.60435497393462 634.1871204494108
111.28350009224471 635.7584199109746
178.6843547634763 485.4227265283362
181.42102040147094 489.09619972142383
114.96264521055478 637.3297193725383
118.64179032886483 638.9010188341022
184.1576860394656 492.76967291451166
186.89435167746026 496.4431461075993
122.32093544717492 640.472318295666
126.000080565485 642.0436177572298
189.631017315455 500.1166193006872
192.3676829534496 503.79009249377475
129.67922568379504 643.6149172187935
133.35837080210513 645.1862166803573
195.1043485914443 507.4635656868626
197.84101422943894 511.1370388799503
137.03751592041522 646.7575161419212
140.71666103872525 648.3288156034849
200.57767986743363 514.810512073038
237.99996359148165 636.6692631070398
217.97870852323678 681.3261042963246
214.29956340492672 679.7548048347609
274.36332860966394 545.7842812669005
295.2836894091585 489.34448203537823
210.6204182866166 678.183505373197
206.94127316830654 676.6122059116333
291.7363900656039 487.47910431525065
288.18909072204923 485.613726595123
203.2621280499965 675.0409064500694
199.5829829316864 673.4696069885057
284.6417913784946 483.74834887499554
281.0944920349399 481.882971154868
195.90383781337633 671.898307526942
192.2246926950663 670.3270080653781
277.5471926913852 480.01759343474043
273.9998933478306 478.1522157146128
188.54554757675615 668.7557086038142
184.86640245844612 667.1844091422505
270.4525940042759 476.28683799448527
266.90529466072127 474.4214602743578
181.18725734013609 665.6131096806868
177.50811222182594 664.0418102191229
263.35799531716657 472.55608255423016
259.81069597361187 470.6907048341026
173.8289671035159 662.470510757559
170.14982198520585 660.8992112959953
256.2633966300573 468.82532711397505
252.7160972865026 466.9599493938475
166.47067686689573 659.3279118344316
162.7915317485857 657.7566123728677
249.1687979429479 465.09457167371994
245.62149859939328 463.22919395359236
159.11238663027564 656.1853129113039
155.43324151196552 654.6140134497401
242.07419925583858 461.36381623346483
238.52689991228397 459.4984385133373
151.7540963936555 653.0427139881764
148.07495127534543 651.4714145266125
234.97960056872927 457.6330607932097
231.43230122517457 455.7676830730821
209.8509719439676 503.90422551657264
207.44016533246634 499.5039330133764
227.88500188161996 453.9023053529546
224.33770253806526 452.0369276328271
205.02935872096506 495.10364051018007
202.6185521094638 490.7033480069838
220.79040319451065 450.1715499126995
217.24310385095592 448.30617219257186
200.20774549796246 486.30305550378745
197.79693888646122 481.90276300059116
213.69580450740128 446.44079447244434
210.1485051638466 444.57541675231687
195.38613227495992 477.5024704973948
192.9753256634586 473.1021779941985
206.60120582029197 442.71003903218923
203.05390647673727 440.84466131206165
190.56451905195735 468.7018854910022
188.15371244045605 464.30159298780586
199.5066071331826 438.9792835919341
195.95930778962796 437.11390587180665
185.74290582895483 459.90130048460964
183.33209921745353 455.50100798141335
192.41200844607332 435.248528151679
188.86470910251865 433.3831504315515
180.9212926059522 451.10071547821696
178.51048599445096 446.70042297502073
185.31740975896395 431.5177727114239
181.7701104154093 429.6523949912963
176.09967938294963 442.30013047182433
173.6888727714484 437.8998379686281
178.22281107185464 427.7870172711688
174.6755117283 425.9216395510412
171.2780661599471 433.49954546543177
168.86725954844576 429.09925296223537
171.1282123847453 424.0562618309137
167.58091304119063 422.1908841107861
166.45645293694452 424.69896045903914
183.168839745198 396.5072645629373
290.90210460891944 156.21127495472388
287.09026789179205 154.93594033828796
179.79006280807437 394.2660023982446
176.4112858709507 392.02474023355177
283.2784311746646 153.66060572185202
279.4665944575372 152.3852711054161
173.03250893382707 389.78347806885904
169.65373199670344 387.5422159041662
275.65475774040976 151.10993648898017
271.8429210232823 149.83460187254425
166.27495505957978 385.30095373947347
162.89617812245615 383.05969157478063
268.0310843061549 148.5592672561083
264.2192475890275 147.28393263967237
159.5174011853325 380.8184294100879
156.13862424820886 378.57716724539506
260.4074108719001 146.00859802323646
256.5955741547727 144.73326340680052
152.7598473110852 376.3359050807024
149.3810703739615 374.09464291600955
252.78373743764524 143.4579287903646
248.97190072051782 142.18259417392866
146.00229343683785 371.8533807513168
142.6235164997142 369.612118586624
245.1600640033904 140.90725955749275
241.34822728626298 139.6319249410568
139.24473956259058 367.37085642193125
135.86596262546692 365.1295942572384
237.53639056913556 138.3565903246209
233.72455385200814 137.08125570818495
132.4871856883433 362.8883320925457
129.10840875121963 360.64706992785284
229.91271713488072 135.805921091749
226.10088041775333 134.5305864753131
125.72963181409597 358.4058077631601
122.3508548769723 356.1645455984673
222.2890437006259 133.25525185887716
218.4772069834985 131.97991724244125
118.97207793984866 353.9232834337746
115.59330100272501 351.68202126908176
214.66537026637107 130.7045826260053
210.85353354924365 129.4292480095694
112.21452406560137 349.44075910438903
108.83574712847769 347.1994969396962
207.04169683211623 128.15391339313345
203.2298601149888 126.87857877669752
105.45697019135405 344.95823477500346
102.0781932542304 342.7169726103106
199.4180233978614 125.6032441602616
195.60618668073397 124.32790954382567
98.69941631710675 340.4757104456179
83.70168312358807 333.63609390332374
159.4253194187168 164.7366723245961
158.323509753102 157.41669928536658
80.48704529288888 331.0287241203241
77.27240746218966 328.42135433732454
157.22170008748716 150.09672624613705
156.11989042187236 142.77675320690753
74.05776963149049 325.813984554325
70.8431318007913 323.20661477132535
155.01808075625755 135.456780167678
153.91627109064274 128.13680712844848
67.62849397009212 320.5992449883258
64.41385613939292 317.99187520532615
152.8144614250279 120.81683408921894
151.7126517594131 113.49686104998942
61.19921830869374 315.3845054223266
57.98458047799454 312.77713563932696
150.61084209379828 106.1768880107599
149.50903242818347 98.85691497153039
54.76994264729536 310.1697658563274
51.55530481659616 307.5623960733278
147.0810238517183 94.49499096296223
143.98788544055895 91.61662017305845
48.34066698589698 304.9550262903282
45.12602915519778 302.3476565073286
140.89474702939958 88.73824938315467
137.8016086182402 85.85987859325088
41.911391324498595 299.740286724329
38.69675349379941 297.1329169413294
134.70847020708084 82.9815078033471
131.61533179592146 80.10313701344332
35.48211566310022 294.52554715832986
32.267477832401035 291.91817737533023
128.5221933847621 77.22476622353953
125.42905497360273 74.34639543363575
29.052840001701835 289.31080759233066
25.838202171002653 286.70343780933104
122.33591656244336 71.46802464373197
119.24277815128399 68.58965385382818
22.623564340303453 284.09606802633147
19.40892650960427 281.4886982433319
116.14963974012463 65.7112830639244
113.05650132896525 62.832912274020615
16.19428867890509 278.88132846033227
12.97965084820589 276.2739586773327
109.96336291780588 59.95454148411683
106.87022450664652 57.07617069421305
9.765013017506709 273.6665888943331
6.55037518680751 271.0592191113335
103.77708609548715 54.197799904309264
100.68394768432778 51.31942911440548
3.335737356108328 268.45184932833394
0.12109952540912901 265.8444795453343
97.59080927316842 48.4410583245017
94.49767086200903 45.56268753459791
-3.093538305290053 263.23710976233474
-6.308176135989235 260.6297399793351
91.40453245084969 42.68431674469412
88.3113940396903 39.80594595479034
-9.522813966688433 258.02237019633554
-12.737451797387616 255.41500041333595
25.131158190503548 170.9501406168883
-25.596003120184378 244.98552128133758
72.84570198389346 25.41409200527142
75.93884039505284 28.292462795175204
-22.38136528948519 247.59289106433718
-19.166727458785996 250.20026084733675
11.098408000021845 182.69473518726858
14.829785219885496 184.1495324287612
-15.952089628086807 252.80763063033635
-28.810640950883567 242.37815149833799
69.75256357273409 22.535721215367637
66.65942516157472 19.657350425463854
-32.025278781582756 239.7707817153384
-35.23991661228194 237.1634119323388
63.100451353168246 17.818012267845248
59.209435172459926 16.719285197666153
-38.454554442981134 234.5560421493392
-41.669192273680316 231.94867236633962
55.31841899175162 15.620558127487058
51.427402811043315 14.521831057307963
-44.883830104379506 229.34130258334002
-48.09846793507869 226.73393280034043
47.536386630335 13.423103987128869
43.6453704496267 12.324376916949776
-51.31310576577787 224.12656301734083
-54.52774359647705 221.51919323434123
39.754354268918384 11.225649846770681
35.86333808821008 10.126922776591586
-57.742381427176234 218.91182345134166
-60.95701925787542 216.30445366834206
31.972321907501765 9.028195706412491
28.081305726793456 7.9294686362333975
-64.1716570885746 213.69708388534247
-67.3862949192738 211.0897141023429
24.190289546085147 6.830741566054303
20.29927336537684 5.732014495875209
-70.60093274997298 208.4823443193433
-73.81557058067216 205.87497453634373
16.40825718466853 4.633287425696114
12.517241003960217 3.5345603555170193
-77.03020841137135 203.26760475334413
-80.24484624207052 200.66023497034453
8.626224823251906 2.4358332853379245
4.735208642543596 1.3371062151588295
-82.53443836063093 195.98957698093622
-83.33310860746131 187.99346007176823
0.8441924618352852 0.23837914497973475
79.0319788062122 31.17083358507899
18.842734201051186 165.42123539424577
22.464343874218198 167.12086603323826
82.12511721737157 34.04920437498277
85.21825562853093 36.927575164886555
26.085953547385234 168.82049667223077
-51.20456165551643 106.55411973636296
-84.1317788542917 179.99734316260023
82.44572879587871 377.42181882772474
-10.128288811987618 583.9055376793694
-6.4491436936775735 585.4768371409332
85.99302813943336 379.28719654785226
89.54032748298803 381.15257426797984
-2.7699985753674885 587.0481366024969
0.9091465429425966 588.6194360640608
93.08762682654269 383.0179519881074
96.63492617009737 384.88332970823495
4.588291661252641 590.1907355256246
8.267436779562725 591.7620349871884
100.18222551365201 386.74870742836254
103.72952485720667 388.61408514849006
11.94658189787281 593.3333344487521
15.625727016182855 594.904633910316
107.27682420076133 390.47946286861765
153.39171566697198 414.7293732302759
152.7898766222734 416.07175813816514
156.35344752638082 417.90084260429717
156.93901501052667 416.59475095040347
160.48631435408132 418.460128670531
159.91701843048816 419.7299270704291
163.4805893345955 421.55901153656106
164.03361369763599 420.3255063906586
186.54761668232172 398.7485267276301
294.7139413260469 157.48660957115982
298.5257780431743 158.76194418759576
189.92639361944535 400.98978889232285
193.305170556569 403.2310510570157
302.33761476030173 160.03727880403167
306.1494514774291 161.3126134204676
196.68394749369264 405.4723132217084
200.0627244308163 407.71357538640126
309.9612881945566 162.58794803690353
313.77312491168396 163.86328265333947
203.44150136793994 409.954837551094
206.8202783050636 412.19609971578683
317.5849616288114 165.13861726977538
321.39679834593875 166.41395188621132
210.19905524218723 414.43736188047956
213.57783217931086 416.67862404517234
325.20863506306614 167.68928650264724
329.0204717801936 168.96462111908318
216.95660911643458 418.91988620986507
220.3353860535582 421.1611483745579
332.832308497321 170.23995573551912
336.64414521444843 171.51529035195503
223.71416299068187 423.40241053925064
227.0929399278055 425.6436727039435
340.4559819315758 172.79062496839097
344.26781864870327 174.06595958482689
230.47171686492916 427.8849348686362
233.8504938020528 430.12619703332905
348.07965536583066 175.34129420126283
351.8914920829581 176.61662881769874
237.22927073917646 432.3674591980218
240.6080476763001 434.6087213627146
355.7033288000855 177.89196343413468
359.51516551721295 179.16729805057062
243.9868246134238 436.8499835274073
247.36560155054744 439.09124569210013
363.32700223434034 180.44263266700654
367.1388389514678 181.71796728344248
250.74437848767107 441.33250785679286
254.12315542479473 443.5737700214857
370.9506756685952 182.9933018998784
374.76251238572263 184.26863651631433
257.50193236191836 445.8150321861784
260.880709299042 448.05629435087127
378.57434910285 185.54397113275024
382.38618581997747 186.81930574918619
264.2594862361657 450.297556515564
267.6382631732893 452.53881868025684
386.19802253710486 188.0946403656221
390.0098592542323 189.36997498205804
271.017040110413 454.7800808449495
274.39581704753664 457.02134300964235
393.8216959713597 190.64530959849398
397.63353268848715 191.9206442149299
277.7745939846603 459.2626051743351
281.15337092178396 461.5038673390279
401.44536940561454 193.19597883136584
405.257206122742 194.47131344780175
284.5321478589076 463.74512950372065
287.9109247960312 465.9863916684135
409.0690428398694 195.7466480642377
412.88087955699683 197.0219826806736
291.28970173315486 468.2276538331062
294.66847867027855 470.46891599779906
415.13940978690465 201.76192333112644
338.20423264627607 383.14118060693687
298.04725560740224 472.7101781624918
205.83493264981536 512.8618871795188
144.39580615703534 649.9001150650487
154.10197374300876 401.18653698371656
